Inference for Stan model: Matern32Poisson_SDE_reparametrized_model
1 chains: each with iter=(2000000); warmup=(0); thin=(1); 2000000 iterations saved.

Warmup took (26) seconds, 26 seconds total
Sampling took (3629) seconds, 1.0 hours total

                    Mean     MCSE   StdDev        5%       50%       95%    N_Eff  N_Eff/s  R_hat
lp__            9.6e+001 6.1e-003 2.4e+000  9.1e+001  9.6e+001  9.9e+001 1.6e+005 4.4e+001    1.0
accept_stat__   8.7e-001 2.7e-003 2.0e-001  3.3e-001  9.5e-001  1.0e+000 5.4e+003 1.5e+000    1.0
stepsize__      9.9e-002 1.8e-012 1.2e-012  9.9e-002  9.9e-002  9.9e-002 5.0e-001 1.4e-004   1.00
treedepth__     4.4e+000 1.7e-002 1.1e+000  2.0e+000  5.0e+000  6.0e+000 3.8e+003 1.1e+000    1.0
n_leapfrog__    3.5e+001 1.6e-001 1.9e+001  7.0e+000  3.1e+001  6.3e+001 1.4e+004 3.8e+000    1.0
divergent__     2.8e-002 3.7e-003 1.7e-001  0.0e+000  0.0e+000  0.0e+000 2.0e+003 5.6e-001    1.0
energy__       -9.2e+001 6.4e-003 3.1e+000 -9.6e+001 -9.2e+001 -8.6e+001 2.4e+005 6.6e+001    1.0
mu              2.0e+000 2.2e-002 1.3e+000 -5.3e-002  2.0e+000  3.9e+000 3.3e+003 9.0e-001    1.0
lscale          2.5e-001 4.4e-003 2.7e-001  1.8e-002  1.8e-001  7.1e-001 3.7e+003 1.0e+000    1.0
stdev           1.8e+000 3.9e-002 1.2e+000  7.3e-001  1.4e+000  3.7e+000 1.0e+003 2.8e-001    1.0
x_shock[1]      7.2e-001 5.2e-003 6.8e-001 -4.1e-001  7.3e-001  1.8e+000 1.7e+004 4.7e+000    1.0
x_shock[2]      6.5e-001 3.2e-003 5.9e-001 -2.2e-001  6.1e-001  1.7e+000 3.4e+004 9.4e+000    1.0
x_shock[3]     -1.4e+000 2.8e-003 6.7e-001 -2.5e+000 -1.3e+000 -3.2e-001 5.8e+004 1.6e+001    1.0
x_shock[4]      3.6e-001 2.3e-003 6.7e-001 -7.3e-001  3.4e-001  1.5e+000 8.5e+004 2.3e+001   1.00
x_shock[5]     -6.7e-001 2.2e-003 6.2e-001 -1.7e+000 -6.5e-001  3.0e-001 7.7e+004 2.1e+001    1.0
x[1]            3.0e+000 1.6e-004 2.2e-001  2.6e+000  3.0e+000  3.3e+000 2.0e+006 5.5e+002    1.0
x[2]            3.2e+000 3.0e-004 2.1e-001  2.8e+000  3.2e+000  3.5e+000 4.9e+005 1.4e+002    1.0
x[3]            8.0e-001 1.9e-003 7.9e-001 -6.1e-001  8.9e-001  1.9e+000 1.8e+005 4.9e+001    1.0
x[4]            1.8e+000 1.3e-003 3.9e-001  1.1e+000  1.8e+000  2.4e+000 9.6e+004 2.6e+001    1.0
x[5]            1.2e+000 9.6e-004 5.2e-001  2.6e-001  1.2e+000  1.9e+000 2.9e+005 8.1e+001   1.00
lda             6.2e+001 6.7e+000 6.0e+003  2.5e+000  9.7e+000  9.4e+001 8.0e+005 2.2e+002    1.0
m_deriv        -1.2e+000 1.8e-002 2.4e+000 -5.9e+000 -5.2e-001  1.8e+000 1.9e+004 5.1e+000    1.0
P_deriv         4.6e+007 2.7e+007 3.2e+010  9.9e+000  1.8e+002  1.7e+004 1.4e+006 3.9e+002    1.0
m               2.0e+000 4.6e-003 6.8e-001  9.2e-001  2.0e+000  3.1e+000 2.1e+004 5.9e+000    1.0
P               2.1e+000 5.4e-002 2.8e+000  2.9e-001  1.4e+000  6.1e+000 2.8e+003 7.6e-001    1.0
A[1,1]          4.2e-001 2.5e-003 3.2e-001  1.2e-007  4.2e-001  9.1e-001 1.5e+004 4.2e+000    1.0
A[1,2]          4.1e-002 4.7e-004 4.1e-002  1.2e-009  2.9e-002  1.2e-001 7.6e+003 2.1e+000    1.0
A[2,1]         -1.6e+000 4.9e-003 9.4e-001 -2.7e+000 -1.9e+000 -1.1e-005 3.7e+004 1.0e+001    1.0
A[2,2]         -1.3e-002 2.2e-003 1.5e-001 -1.3e-001 -4.8e-002  3.1e-001 4.4e+003 1.2e+000    1.0
Q[1]            1.9e+000 4.1e-002 2.5e+000  2.2e-001  1.2e+000  5.5e+000 3.7e+003 1.0e+000    1.0
Q[2]            4.6e+007 2.7e+007 3.2e+010  1.6e+001  1.9e+002  1.7e+004 1.4e+006 3.9e+002    1.0
covQ            3.6e+000 1.8e-001 7.4e+000  4.0e-012  1.7e+000  1.3e+001 1.6e+003 4.4e-001    1.0
cov             3.4e+000 2.0e-001 7.4e+000  2.1e-012  1.4e+000  1.3e+001 1.4e+003 3.8e-001    1.0

Samples were drawn using hmc with nuts.
For each parameter, N_Eff is a crude measure of effective sample size,
and R_hat is the potential scale reduction factor on split chains (at 
convergence, R_hat=1).

