Inference for Stan model: Matern32Poisson_SDE_model
1 chains: each with iter=(1000); warmup=(0); thin=(1); 1000 iterations saved.

Warmup took (127) seconds, 2.1 minutes total
Sampling took (105) seconds, 1.7 minutes total

                 Mean     MCSE   StdDev     5%    50%    95%  N_Eff  N_Eff/s    R_hat
lp__             1672 3.6e+000 2.6e+001   1624   1674   1711     52 4.9e-001 1.0e+000
accept_stat__    0.76 1.8e-002 2.3e-001   0.27   0.84   0.99    161 1.5e+000 1.0e+000
stepsize__      0.039 3.9e-017 2.8e-017  0.039  0.039  0.039   0.50 4.8e-003 1.0e+000
treedepth__       7.6 1.8e-002 5.0e-001    7.0    8.0    8.0    750 7.2e+000 1.0e+000
n_leapfrog__      230 1.7e+000 5.3e+001    127    255    255   1000 9.5e+000 1.0e+000
divergent__      0.00 0.0e+000 0.0e+000   0.00   0.00   0.00   1000 9.5e+000-1.$e+000
energy__        -1621 3.7e+000 2.7e+001  -1663  -1623  -1571     52 5.0e-001 1.0e+000
mu                2.4 4.0e-002 1.0e+000    1.1    2.3    4.1    637 6.1e+000 1.0e+000
lscale           0.22 9.0e-003 9.4e-002   0.11   0.20   0.40    110 1.1e+000 1.0e+000
stdev             1.4 4.8e-002 7.8e-001   0.64    1.1    2.9    258 2.5e+000 1.0e+000
x[1]              2.9 4.9e-003 1.6e-001    2.6    2.9    3.1   1000 9.5e+000 1.0e+000
x[2]              2.8 3.9e-003 1.2e-001    2.6    2.8    3.0   1000 9.5e+000 1.0e+000
x[3]              2.8 3.4e-003 1.1e-001    2.6    2.8    3.0   1000 9.5e+000 1.0e+000
x[4]              2.7 3.3e-003 1.1e-001    2.6    2.7    2.9   1000 9.5e+000 1.0e+000
x[5]              2.7 6.0e-003 1.0e-001    2.6    2.7    2.9    301 2.9e+000 1.0e+000
x[6]              2.8 3.2e-003 1.0e-001    2.6    2.8    2.9   1000 9.5e+000 1.0e+000
x[7]              2.8 3.1e-003 9.9e-002    2.6    2.8    3.0   1000 9.5e+000 1.0e+000
x[8]              2.8 3.2e-003 1.0e-001    2.7    2.8    3.0   1000 9.5e+000 1.0e+000
x[9]              2.9 3.2e-003 1.0e-001    2.7    2.9    3.0   1000 9.5e+000 1.0e+000
x[10]             2.9 3.2e-003 1.0e-001    2.7    2.9    3.0   1000 9.5e+000 1.0e+000
x[11]             2.9 3.2e-003 1.0e-001    2.7    2.9    3.1   1000 9.5e+000 1.0e+000
x[12]             2.9 3.2e-003 1.0e-001    2.7    2.9    3.1   1000 9.5e+000 1.0e+000
x[13]             2.9 3.2e-003 1.0e-001    2.7    2.9    3.1   1000 9.5e+000 1.0e+000
x[14]             3.0 3.1e-003 9.8e-002    2.8    3.0    3.1   1000 9.5e+000 1.0e+000
x[15]             3.0 3.0e-003 9.4e-002    2.9    3.0    3.2   1000 9.5e+000 1.0e+000
x[16]             3.1 2.9e-003 9.3e-002    2.9    3.1    3.2   1000 9.5e+000 1.0e+000
x[17]             3.1 3.0e-003 9.4e-002    3.0    3.1    3.3   1000 9.5e+000 1.0e+000
x[18]             3.1 3.0e-003 9.5e-002    2.9    3.1    3.3   1000 9.5e+000 1.0e+000
x[19]             3.1 2.9e-003 9.3e-002    2.9    3.1    3.2   1000 9.5e+000 1.0e+000
x[20]             3.1 2.9e-003 9.2e-002    2.9    3.1    3.2   1000 9.5e+000 1.0e+000
x[21]             3.0 2.9e-003 9.2e-002    2.8    3.0    3.2   1000 9.5e+000 1.0e+000
x[22]             2.9 3.0e-003 9.6e-002    2.8    2.9    3.1   1000 9.5e+000 1.0e+000
x[23]             2.9 3.2e-003 1.0e-001    2.7    2.9    3.0   1000 9.5e+000 1.0e+000
x[24]             2.8 3.3e-003 1.0e-001    2.6    2.8    3.0   1000 9.5e+000 1.0e+000
x[25]             2.7 3.4e-003 1.1e-001    2.6    2.7    2.9   1000 9.5e+000 1.0e+000
x[26]             2.7 3.5e-003 1.1e-001    2.5    2.7    2.9   1000 9.5e+000 1.0e+000
x[27]             2.6 3.6e-003 1.1e-001    2.4    2.6    2.8   1000 9.5e+000 1.0e+000
x[28]             2.5 3.8e-003 1.2e-001    2.3    2.5    2.7   1000 9.5e+000 1.0e+000
x[29]             2.4 3.9e-003 1.2e-001    2.2    2.4    2.6   1000 9.5e+000 1.0e+000
x[30]             2.3 3.9e-003 1.2e-001    2.1    2.3    2.5   1000 9.5e+000 1.0e+000
x[31]             2.2 4.0e-003 1.3e-001    2.0    2.2    2.4   1000 9.5e+000 1.0e+000
x[32]             2.2 4.1e-003 1.3e-001    2.0    2.2    2.4   1000 9.5e+000 1.0e+000
x[33]             2.1 4.2e-003 1.3e-001    1.9    2.1    2.3   1000 9.5e+000 1.0e+000
x[34]             2.0 4.4e-003 1.4e-001    1.8    2.0    2.3   1000 9.5e+000 1.0e+000
x[35]             1.9 6.3e-003 1.4e-001    1.7    1.9    2.2    522 5.0e+000 1.0e+000
x[36]             1.8 6.7e-003 1.5e-001    1.6    1.8    2.1    509 4.9e+000 1.0e+000
x[37]             1.7 5.4e-003 1.6e-001    1.4    1.7    2.0    828 7.9e+000 1.0e+000
x[38]             1.6 5.4e-003 1.6e-001    1.3    1.6    1.8    909 8.7e+000 1.0e+000
x[39]             1.4 5.7e-003 1.7e-001    1.1    1.4    1.7    903 8.6e+000 1.0e+000
x[40]             1.2 6.4e-003 1.8e-001   0.91    1.2    1.5    813 7.7e+000 1.0e+000
x[41]             1.1 8.9e-003 2.0e-001   0.73    1.1    1.4    503 4.8e+000 1.0e+000
x[42]            0.94 1.1e-002 2.1e-001   0.56   0.96    1.3    348 3.3e+000 1.0e+000
x[43]            0.83 1.3e-002 2.3e-001   0.45   0.85    1.2    305 2.9e+000 1.0e+000
x[44]            0.76 1.5e-002 2.3e-001   0.35   0.78    1.1    252 2.4e+000 1.0e+000
x[45]            0.72 1.6e-002 2.4e-001   0.29   0.74    1.1    232 2.2e+000 1.0e+000
x[46]            0.71 1.5e-002 2.3e-001   0.28   0.73    1.0    230 2.2e+000 1.0e+000
x[47]            0.74 1.4e-002 2.3e-001   0.32   0.76    1.1    254 2.4e+000 1.0e+000
x[48]            0.80 1.1e-002 2.2e-001   0.42   0.82    1.1    382 3.6e+000 1.0e+000
x[49]            0.89 8.4e-003 2.1e-001   0.54   0.91    1.2    602 5.7e+000 1.0e+000
x[50]            0.99 7.2e-003 2.0e-001   0.66    1.0    1.3    741 7.1e+000 1.0e+000
x[51]             1.1 6.7e-003 1.9e-001   0.80    1.1    1.4    795 7.6e+000 1.0e+000
x[52]             1.2 5.7e-003 1.8e-001   0.93    1.2    1.5   1000 9.5e+000 1.0e+000
x[53]             1.4 5.4e-003 1.7e-001    1.1    1.4    1.6   1000 9.5e+000 1.0e+000
x[54]             1.5 5.2e-003 1.6e-001    1.2    1.5    1.7   1000 9.5e+000 1.0e+000
x[55]             1.6 4.9e-003 1.6e-001    1.3    1.6    1.8   1000 9.5e+000 1.0e+000
x[56]             1.7 4.8e-003 1.5e-001    1.4    1.7    1.9   1000 9.5e+000 1.0e+000
x[57]             1.7 4.6e-003 1.5e-001    1.5    1.8    2.0   1000 9.5e+000 1.0e+000
x[58]             1.8 4.5e-003 1.4e-001    1.6    1.8    2.0   1000 9.5e+000 1.0e+000
x[59]             1.9 4.6e-003 1.4e-001    1.6    1.9    2.1   1000 9.5e+000 1.0e+000
x[60]             1.9 4.5e-003 1.4e-001    1.7    1.9    2.2   1000 9.5e+000 1.0e+000
x[61]             2.0 4.4e-003 1.4e-001    1.8    2.0    2.2   1000 9.5e+000 1.0e+000
x[62]             2.0 4.4e-003 1.4e-001    1.8    2.0    2.3   1000 9.5e+000 1.0e+000
x[63]             2.1 4.4e-003 1.4e-001    1.8    2.1    2.3   1000 9.5e+000 1.0e+000
x[64]             2.1 4.3e-003 1.4e-001    1.9    2.1    2.3   1000 9.5e+000 1.0e+000
x[65]             2.2 4.2e-003 1.3e-001    2.0    2.2    2.4   1000 9.5e+000 1.0e+000
x[66]             2.3 4.0e-003 1.3e-001    2.1    2.3    2.5   1000 9.5e+000 1.0e+000
x[67]             2.4 3.9e-003 1.2e-001    2.2    2.4    2.6   1000 9.5e+000 1.0e+000
x[68]             2.4 3.8e-003 1.2e-001    2.2    2.4    2.6   1000 9.5e+000 1.0e+000
x[69]             2.5 3.7e-003 1.2e-001    2.3    2.5    2.6   1000 9.5e+000 1.0e+000
x[70]             2.5 3.7e-003 1.2e-001    2.3    2.5    2.6   1000 9.5e+000 1.0e+000
x[71]             2.4 3.7e-003 1.2e-001    2.2    2.4    2.6   1000 9.5e+000 1.0e+000
x[72]             2.4 3.7e-003 1.2e-001    2.2    2.4    2.6   1000 9.5e+000 1.0e+000
x[73]             2.3 3.8e-003 1.2e-001    2.1    2.3    2.5   1000 9.5e+000 1.0e+000
x[74]             2.3 3.9e-003 1.2e-001    2.1    2.3    2.5   1000 9.5e+000 1.0e+000
x[75]             2.1 4.1e-003 1.3e-001    1.9    2.1    2.4   1000 9.5e+000 1.0e+000
x[76]             2.0 4.4e-003 1.4e-001    1.8    2.0    2.2    988 9.4e+000 1.0e+000
x[77]             1.9 4.7e-003 1.5e-001    1.6    1.9    2.1    953 9.1e+000 1.0e+000
x[78]             1.7 5.9e-003 1.5e-001    1.4    1.7    1.9    681 6.5e+000 1.0e+000
x[79]             1.5 6.9e-003 1.6e-001    1.3    1.5    1.8    553 5.3e+000 1.0e+000
x[80]             1.4 8.3e-003 1.7e-001    1.1    1.4    1.6    429 4.1e+000 1.0e+000
x[81]             1.3 1.0e-002 1.8e-001   0.93    1.3    1.5    335 3.2e+000 1.0e+000
x[82]             1.2 1.1e-002 1.9e-001   0.80    1.2    1.4    286 2.7e+000 1.0e+000
x[83]             1.1 1.2e-002 1.9e-001   0.74    1.1    1.4    271 2.6e+000 1.0e+000
x[84]             1.1 1.1e-002 1.9e-001   0.74    1.1    1.4    293 2.8e+000 1.0e+000
x[85]             1.1 1.0e-002 1.9e-001   0.77    1.1    1.4    336 3.2e+000 1.0e+000
x[86]             1.2 9.2e-003 1.8e-001   0.84    1.2    1.4    397 3.8e+000 1.0e+000
x[87]             1.2 8.1e-003 1.8e-001   0.93    1.2    1.5    482 4.6e+000 1.0e+000
x[88]             1.3 7.3e-003 1.7e-001    1.0    1.3    1.6    555 5.3e+000 1.0e+000
x[89]             1.4 6.2e-003 1.7e-001    1.1    1.4    1.7    715 6.8e+000 1.0e+000
x[90]             1.6 5.1e-003 1.6e-001    1.3    1.6    1.8   1000 9.5e+000 1.0e+000
x[91]             1.7 5.0e-003 1.6e-001    1.4    1.7    1.9   1000 9.5e+000 1.0e+000
x[92]             1.8 4.8e-003 1.5e-001    1.6    1.8    2.1   1000 9.5e+000 1.0e+000
x[93]             1.9 4.6e-003 1.4e-001    1.7    1.9    2.2   1000 9.5e+000 1.0e+000
x[94]             2.1 4.4e-003 1.4e-001    1.8    2.1    2.3   1000 9.5e+000 1.0e+000
x[95]             2.2 4.2e-003 1.3e-001    2.0    2.2    2.4   1000 9.5e+000 1.0e+000
x[96]             2.3 4.1e-003 1.3e-001    2.0    2.3    2.5   1000 9.5e+000 1.0e+000
x[97]             2.3 4.0e-003 1.3e-001    2.1    2.3    2.5   1000 9.5e+000 1.0e+000
x[98]             2.4 4.1e-003 1.3e-001    2.2    2.4    2.6   1000 9.5e+000 1.0e+000
x[99]             2.4 4.6e-003 1.4e-001    2.2    2.4    2.7   1000 9.5e+000 1.0e+000
x[100]            2.5 5.7e-003 1.8e-001    2.2    2.5    2.7   1000 9.5e+000 1.0e+000

Samples were drawn using hmc with nuts.
For each parameter, N_Eff is a crude measure of effective sample size,
and R_hat is the potential scale reduction factor on split chains (at 
convergence, R_hat=1).

