Inference for Stan model: Matern32Poisson_SDE_reparametrized_model
1 chains: each with iter=(1000); warmup=(0); thin=(1); 1000 iterations saved.

Warmup took (64) seconds, 1.1 minutes total
Sampling took (56) seconds, 56 seconds total

                    Mean     MCSE   StdDev        5%       50%       95%  N_Eff  N_Eff/s    R_hat
lp__            1.4e+003 4.5e-001 7.5e+000  1.4e+003  1.4e+003  1.4e+003    277 4.9e+000 1.0e+000
accept_stat__   8.6e-001 8.9e-003 1.8e-001  4.7e-001  9.3e-001  1.0e+000    406 7.3e+000 1.0e+000
stepsize__      3.9e-002 2.0e-016 1.4e-016  3.9e-002  3.9e-002  3.9e-002   0.50 8.9e-003-1.$e+000
treedepth__     7.0e+000 2.0e-002 3.3e-001  7.0e+000  7.0e+000  7.0e+000    271 4.8e+000 1.0e+000
n_leapfrog__    1.3e+002 6.1e-001 1.1e+001  1.3e+002  1.3e+002  1.3e+002    323 5.8e+000 1.0e+000
divergent__     2.2e-002 6.7e-003 1.5e-001  0.0e+000  0.0e+000  0.0e+000    484 8.6e+000 1.0e+000
energy__       -1.3e+003 6.9e-001 1.0e+001 -1.3e+003 -1.3e+003 -1.3e+003    229 4.1e+000 1.0e+000
mu              2.3e+000 2.8e-002 6.2e-001  1.3e+000  2.2e+000  3.3e+000    492 8.8e+000 1.0e+000
lscale          1.7e-001 3.6e-003 6.8e-002  8.8e-002  1.6e-001  3.1e-001    351 6.3e+000 1.0e+000
stdev           1.1e+000 2.4e-002 4.2e-001  6.1e-001  1.0e+000  2.0e+000    308 5.5e+000 1.0e+000
x_shock[1]      6.7e-001 2.6e-002 5.9e-001 -3.6e-001  6.8e-001  1.6e+000    508 9.1e+000 1.0e+000
x_shock[2]     -4.6e-001 2.3e-002 7.2e-001 -1.7e+000 -4.7e-001  7.4e-001   1000 1.8e+001 1.0e+000
x_shock[3]     -2.6e-001 2.9e-002 9.1e-001 -1.8e+000 -2.6e-001  1.3e+000   1000 1.8e+001 1.0e+000
x_shock[4]      1.6e-001 2.8e-002 9.0e-001 -1.3e+000  1.9e-001  1.6e+000   1000 1.8e+001 1.0e+000
x_shock[5]      6.8e-001 2.9e-002 9.2e-001 -7.7e-001  6.5e-001  2.2e+000   1000 1.8e+001 1.0e+000
x_shock[6]      8.3e-001 3.0e-002 9.5e-001 -7.2e-001  8.1e-001  2.4e+000   1000 1.8e+001 1.0e+000
x_shock[7]      4.6e-001 2.6e-002 8.1e-001 -8.6e-001  4.6e-001  1.8e+000   1000 1.8e+001 1.0e+000
x_shock[8]     -6.1e-003 2.9e-002 9.1e-001 -1.6e+000 -1.2e-002  1.5e+000   1000 1.8e+001 1.0e+000
x_shock[9]     -1.3e-001 2.8e-002 9.0e-001 -1.6e+000 -1.5e-001  1.4e+000   1000 1.8e+001 1.0e+000
x_shock[10]    -5.2e-003 2.8e-002 8.8e-001 -1.4e+000  2.8e-002  1.4e+000   1000 1.8e+001 1.0e+000
x_shock[11]     1.8e-001 2.9e-002 9.1e-001 -1.3e+000  1.9e-001  1.7e+000   1000 1.8e+001 1.0e+000
x_shock[12]     1.9e-001 2.7e-002 8.4e-001 -1.2e+000  1.9e-001  1.6e+000   1000 1.8e+001 1.0e+000
x_shock[13]     2.6e-001 2.8e-002 9.0e-001 -1.2e+000  2.7e-001  1.7e+000   1000 1.8e+001 1.0e+000
x_shock[14]     5.2e-001 2.7e-002 8.6e-001 -8.7e-001  5.3e-001  1.8e+000   1000 1.8e+001 1.0e+000
x_shock[15]     5.9e-001 2.9e-002 9.0e-001 -8.7e-001  5.7e-001  2.0e+000   1000 1.8e+001 1.0e+000
x_shock[16]     1.7e-001 3.0e-002 9.5e-001 -1.4e+000  1.7e-001  1.7e+000   1000 1.8e+001 1.0e+000
x_shock[17]    -6.1e-002 2.9e-002 9.0e-001 -1.5e+000 -7.5e-002  1.5e+000   1000 1.8e+001 1.0e+000
x_shock[18]    -2.1e-001 2.8e-002 8.8e-001 -1.7e+000 -2.1e-001  1.2e+000   1000 1.8e+001 1.0e+000
x_shock[19]    -2.1e-001 2.8e-002 8.9e-001 -1.8e+000 -2.1e-001  1.2e+000   1000 1.8e+001 1.0e+000
x_shock[20]    -1.1e-001 2.8e-002 9.0e-001 -1.6e+000 -9.3e-002  1.4e+000   1000 1.8e+001 1.0e+000
x_shock[21]    -3.9e-001 2.8e-002 8.9e-001 -1.8e+000 -3.9e-001  1.0e+000   1000 1.8e+001 1.0e+000
x_shock[22]    -4.0e-001 2.8e-002 8.7e-001 -1.9e+000 -4.1e-001  1.0e+000   1000 1.8e+001 1.0e+000
x_shock[23]    -2.5e-002 2.7e-002 8.6e-001 -1.4e+000  1.2e-002  1.4e+000   1000 1.8e+001 1.0e+000
x_shock[24]     1.7e-001 3.0e-002 9.4e-001 -1.3e+000  1.8e-001  1.7e+000   1000 1.8e+001 1.0e+000
x_shock[25]     1.4e-001 2.9e-002 9.3e-001 -1.4e+000  1.0e-001  1.7e+000   1000 1.8e+001 1.0e+000
x_shock[26]    -2.1e-001 2.9e-002 9.1e-001 -1.7e+000 -2.2e-001  1.3e+000   1000 1.8e+001 1.0e+000
x_shock[27]    -5.1e-001 2.8e-002 9.0e-001 -2.0e+000 -4.8e-001  9.8e-001   1000 1.8e+001 1.0e+000
x_shock[28]    -5.1e-001 2.9e-002 9.1e-001 -2.0e+000 -5.1e-001  1.1e+000   1000 1.8e+001 1.0e+000
x_shock[29]    -2.8e-001 2.9e-002 9.0e-001 -1.8e+000 -3.0e-001  1.2e+000   1000 1.8e+001 1.0e+000
x_shock[30]    -1.4e-001 2.8e-002 8.7e-001 -1.5e+000 -1.4e-001  1.3e+000   1000 1.8e+001 1.0e+000
x_shock[31]     9.7e-003 2.9e-002 9.1e-001 -1.5e+000  4.4e-002  1.5e+000   1000 1.8e+001 1.0e+000
x_shock[32]    -4.5e-002 2.7e-002 8.7e-001 -1.5e+000 -4.5e-002  1.4e+000   1000 1.8e+001 1.0e+000
x_shock[33]    -2.8e-001 2.8e-002 8.9e-001 -1.7e+000 -3.0e-001  1.2e+000   1000 1.8e+001 1.0e+000
x_shock[34]    -3.0e-001 3.0e-002 9.4e-001 -2.0e+000 -2.6e-001  1.2e+000   1000 1.8e+001 1.0e+000
x_shock[35]    -4.3e-001 3.0e-002 9.6e-001 -2.0e+000 -4.3e-001  1.0e+000   1000 1.8e+001 1.0e+000
x_shock[36]    -7.5e-001 3.0e-002 9.4e-001 -2.4e+000 -7.2e-001  7.7e-001   1000 1.8e+001 1.0e+000
x_shock[37]    -7.2e-001 2.8e-002 8.9e-001 -2.2e+000 -7.0e-001  7.3e-001   1000 1.8e+001 1.0e+000
x_shock[38]    -8.0e-001 2.9e-002 9.3e-001 -2.3e+000 -8.1e-001  6.9e-001   1000 1.8e+001 1.0e+000
x_shock[39]    -8.4e-001 3.0e-002 9.6e-001 -2.4e+000 -8.6e-001  7.5e-001   1000 1.8e+001 1.0e+000
x_shock[40]    -6.9e-001 3.2e-002 1.0e+000 -2.4e+000 -6.9e-001  8.7e-001   1000 1.8e+001 1.0e+000
x_shock[41]    -4.8e-001 3.0e-002 9.6e-001 -2.1e+000 -4.6e-001  1.0e+000   1000 1.8e+001 1.0e+000
x_shock[42]    -3.1e-001 2.8e-002 9.0e-001 -1.8e+000 -3.2e-001  1.1e+000   1000 1.8e+001 1.0e+000
x_shock[43]    -1.8e-001 3.1e-002 9.8e-001 -1.8e+000 -1.8e-001  1.4e+000   1000 1.8e+001 1.0e+000
x_shock[44]    -7.0e-002 2.9e-002 9.3e-001 -1.6e+000 -8.7e-002  1.5e+000   1000 1.8e+001 1.0e+000
x_shock[45]     8.3e-002 2.9e-002 9.1e-001 -1.5e+000  1.1e-001  1.5e+000   1000 1.8e+001 1.0e+000
x_shock[46]     1.5e-001 3.1e-002 9.7e-001 -1.5e+000  1.3e-001  1.8e+000   1000 1.8e+001 1.0e+000
x_shock[47]     2.4e-001 3.0e-002 9.3e-001 -1.2e+000  2.1e-001  1.8e+000   1000 1.8e+001 1.0e+000
x_shock[48]     4.5e-001 3.0e-002 9.5e-001 -1.1e+000  4.5e-001  2.1e+000   1000 1.8e+001 1.0e+000
x_shock[49]     4.4e-001 3.0e-002 9.5e-001 -1.1e+000  4.4e-001  2.0e+000   1000 1.8e+001 1.0e+000
x_shock[50]     3.3e-001 3.1e-002 9.9e-001 -1.3e+000  3.5e-001  2.0e+000   1000 1.8e+001 1.0e+000
x_shock[51]     2.5e-001 2.8e-002 8.8e-001 -1.2e+000  2.2e-001  1.7e+000   1000 1.8e+001 1.0e+000
x_shock[52]     2.3e-001 3.0e-002 9.4e-001 -1.3e+000  2.3e-001  1.7e+000   1000 1.8e+001 1.0e+000
x_shock[53]     1.8e-001 2.9e-002 9.0e-001 -1.3e+000  2.2e-001  1.7e+000   1000 1.8e+001 1.0e+000
x_shock[54]     1.4e-001 2.9e-002 9.3e-001 -1.4e+000  1.1e-001  1.6e+000   1000 1.8e+001 1.0e+000
x_shock[55]    -2.1e-002 2.9e-002 9.1e-001 -1.5e+000 -4.0e-002  1.5e+000   1000 1.8e+001 1.0e+000
x_shock[56]     2.5e-002 2.9e-002 9.1e-001 -1.4e+000  1.3e-002  1.5e+000   1000 1.8e+001 1.0e+000
x_shock[57]    -7.6e-002 3.1e-002 9.9e-001 -1.7e+000 -6.0e-002  1.5e+000   1000 1.8e+001 1.0e+000
x_shock[58]    -1.1e-001 3.1e-002 9.7e-001 -1.7e+000 -9.2e-002  1.5e+000   1000 1.8e+001 1.0e+000
x_shock[59]     5.8e-002 2.8e-002 9.0e-001 -1.4e+000  4.7e-002  1.5e+000   1000 1.8e+001 1.0e+000
x_shock[60]     1.3e-001 3.1e-002 9.7e-001 -1.5e+000  1.4e-001  1.7e+000   1000 1.8e+001 1.0e+000
x_shock[61]     6.0e-002 3.0e-002 9.5e-001 -1.5e+000  7.5e-002  1.6e+000   1000 1.8e+001 1.0e+000
x_shock[62]    -7.0e-002 2.8e-002 9.0e-001 -1.6e+000 -3.7e-002  1.3e+000   1000 1.8e+001 1.0e+000
x_shock[63]    -4.0e-002 2.7e-002 8.7e-001 -1.5e+000 -4.9e-002  1.4e+000   1000 1.8e+001 1.0e+000
x_shock[64]     2.0e-001 2.9e-002 9.1e-001 -1.3e+000  1.9e-001  1.8e+000   1000 1.8e+001 1.0e+000
x_shock[65]     4.7e-001 2.7e-002 8.6e-001 -9.2e-001  5.0e-001  1.9e+000   1000 1.8e+001 1.0e+000
x_shock[66]     5.8e-001 2.9e-002 9.1e-001 -9.0e-001  6.0e-001  2.1e+000   1000 1.8e+001 1.0e+000
x_shock[67]     3.7e-001 3.0e-002 9.4e-001 -1.2e+000  3.7e-001  1.9e+000   1000 1.8e+001 1.0e+000
x_shock[68]    -1.5e-001 2.9e-002 9.1e-001 -1.6e+000 -1.6e-001  1.3e+000   1000 1.8e+001 1.0e+000
x_shock[69]    -4.2e-001 2.8e-002 8.8e-001 -1.9e+000 -4.3e-001  1.2e+000   1000 1.8e+001 1.0e+000
x_shock[70]    -4.2e-001 2.9e-002 9.2e-001 -2.0e+000 -4.1e-001  1.0e+000   1000 1.8e+001 1.0e+000
x_shock[71]    -3.7e-001 2.9e-002 9.1e-001 -1.9e+000 -3.9e-001  1.1e+000   1000 1.8e+001 1.0e+000
x_shock[72]    -2.9e-001 2.7e-002 8.6e-001 -1.8e+000 -2.8e-001  1.1e+000   1000 1.8e+001 1.0e+000
x_shock[73]    -3.2e-001 2.8e-002 8.8e-001 -1.8e+000 -3.3e-001  1.1e+000   1000 1.8e+001 1.0e+000
x_shock[74]    -6.2e-001 3.1e-002 9.9e-001 -2.4e+000 -5.6e-001  9.6e-001   1000 1.8e+001 1.0e+000
x_shock[75]    -6.8e-001 3.1e-002 9.9e-001 -2.3e+000 -7.1e-001  9.6e-001   1000 1.8e+001 1.0e+000
x_shock[76]    -7.2e-001 3.1e-002 9.9e-001 -2.4e+000 -7.4e-001  9.6e-001   1000 1.8e+001 1.0e+000
x_shock[77]    -7.0e-001 2.9e-002 9.3e-001 -2.1e+000 -6.8e-001  7.8e-001   1000 1.8e+001 1.0e+000
x_shock[78]    -7.4e-001 2.9e-002 9.2e-001 -2.3e+000 -6.9e-001  8.0e-001   1000 1.8e+001 1.0e+000
x_shock[79]    -6.4e-001 2.9e-002 9.2e-001 -2.2e+000 -6.4e-001  9.4e-001   1000 1.8e+001 1.0e+000
x_shock[80]    -4.2e-001 3.1e-002 9.9e-001 -2.1e+000 -4.2e-001  1.2e+000   1000 1.8e+001 1.0e+000
x_shock[81]    -2.1e-001 3.0e-002 9.5e-001 -1.9e+000 -2.2e-001  1.4e+000   1000 1.8e+001 1.0e+000
x_shock[82]    -3.5e-002 2.9e-002 9.1e-001 -1.4e+000 -9.5e-002  1.5e+000   1000 1.8e+001 1.0e+000
x_shock[83]     1.7e-001 2.9e-002 9.3e-001 -1.3e+000  1.8e-001  1.7e+000   1000 1.8e+001 1.0e+000
x_shock[84]     3.6e-001 3.0e-002 9.4e-001 -1.2e+000  3.5e-001  1.9e+000   1000 1.8e+001 1.0e+000
x_shock[85]     4.4e-001 3.0e-002 9.5e-001 -1.1e+000  4.2e-001  2.1e+000   1000 1.8e+001 1.0e+000
x_shock[86]     3.5e-001 3.0e-002 9.4e-001 -1.2e+000  3.5e-001  1.8e+000   1000 1.8e+001 1.0e+000
x_shock[87]     2.9e-001 3.0e-002 9.5e-001 -1.3e+000  3.1e-001  1.8e+000   1000 1.8e+001 1.0e+000
x_shock[88]     3.4e-001 2.9e-002 9.1e-001 -1.2e+000  3.2e-001  1.8e+000   1000 1.8e+001 1.0e+000
x_shock[89]     3.0e-001 3.1e-002 9.7e-001 -1.3e+000  3.1e-001  1.9e+000   1000 1.8e+001 1.0e+000
x_shock[90]     3.2e-001 2.8e-002 8.8e-001 -1.2e+000  3.1e-001  1.8e+000   1000 1.8e+001 1.0e+000
x_shock[91]     4.0e-001 2.8e-002 8.9e-001 -1.0e+000  3.7e-001  1.9e+000   1000 1.8e+001 1.0e+000
x_shock[92]     4.1e-001 2.8e-002 8.9e-001 -1.0e+000  3.9e-001  1.9e+000   1000 1.8e+001 1.0e+000
x_shock[93]     3.3e-001 2.9e-002 9.2e-001 -1.2e+000  3.4e-001  1.8e+000   1000 1.8e+001 1.0e+000
x_shock[94]     2.4e-001 2.7e-002 8.6e-001 -1.2e+000  2.3e-001  1.7e+000   1000 1.8e+001 1.0e+000
x_shock[95]     3.2e-002 2.9e-002 9.2e-001 -1.5e+000  3.0e-002  1.5e+000   1000 1.8e+001 1.0e+000
x_shock[96]    -1.0e-001 3.2e-002 1.0e+000 -1.9e+000 -8.9e-002  1.6e+000   1000 1.8e+001 1.0e+000
x_shock[97]    -8.5e-002 2.9e-002 9.2e-001 -1.7e+000 -5.5e-002  1.5e+000   1000 1.8e+001 1.0e+000
x_shock[98]     2.5e-002 2.9e-002 9.2e-001 -1.5e+000  4.0e-002  1.6e+000   1000 1.8e+001 1.0e+000
x_shock[99]     1.2e-001 3.3e-002 1.0e+000 -1.5e+000  1.2e-001  1.9e+000   1000 1.8e+001 1.0e+000
x_shock[100]    6.0e-002 3.2e-002 1.0e+000 -1.6e+000  8.0e-002  1.8e+000   1000 1.8e+001 1.0e+000
x[1]            2.9e+000 5.2e-003 1.6e-001  2.6e+000  2.9e+000  3.2e+000   1000 1.8e+001 1.0e+000
x[2]            2.9e+000 4.1e-003 1.3e-001  2.6e+000  2.9e+000  3.1e+000   1000 1.8e+001 1.0e+000
x[3]            2.8e+000 3.8e-003 1.2e-001  2.6e+000  2.8e+000  3.0e+000   1000 1.8e+001 1.0e+000
x[4]            2.7e+000 3.9e-003 1.2e-001  2.5e+000  2.7e+000  2.9e+000   1000 1.8e+001 1.0e+000
x[5]            2.7e+000 3.9e-003 1.2e-001  2.5e+000  2.7e+000  2.9e+000   1000 1.8e+001 1.0e+000
x[6]            2.8e+000 3.5e-003 1.1e-001  2.6e+000  2.8e+000  2.9e+000   1000 1.8e+001 1.0e+000
x[7]            2.8e+000 3.3e-003 1.0e-001  2.6e+000  2.8e+000  3.0e+000   1000 1.8e+001 1.0e+000
x[8]            2.9e+000 3.3e-003 1.1e-001  2.7e+000  2.9e+000  3.0e+000   1000 1.8e+001 1.0e+000
x[9]            2.9e+000 3.3e-003 1.0e-001  2.7e+000  2.9e+000  3.1e+000   1000 1.8e+001 1.0e+000
x[10]           2.9e+000 3.3e-003 1.0e-001  2.7e+000  2.9e+000  3.1e+000   1000 1.8e+001 1.0e+000
x[11]           2.9e+000 3.2e-003 1.0e-001  2.7e+000  2.9e+000  3.1e+000   1000 1.8e+001 1.0e+000
x[12]           2.9e+000 3.4e-003 1.1e-001  2.7e+000  2.9e+000  3.1e+000   1000 1.8e+001 1.0e+000
x[13]           2.9e+000 3.4e-003 1.1e-001  2.7e+000  2.9e+000  3.1e+000   1000 1.8e+001 1.0e+000
x[14]           3.0e+000 3.3e-003 1.0e-001  2.8e+000  3.0e+000  3.1e+000   1000 1.8e+001 1.0e+000
x[15]           3.0e+000 3.1e-003 9.9e-002  2.8e+000  3.0e+000  3.2e+000   1000 1.8e+001 1.0e+000
x[16]           3.1e+000 3.2e-003 1.0e-001  2.9e+000  3.1e+000  3.2e+000   1000 1.8e+001 1.0e+000
x[17]           3.1e+000 3.2e-003 1.0e-001  2.9e+000  3.1e+000  3.3e+000   1000 1.8e+001 1.0e+000
x[18]           3.1e+000 3.2e-003 1.0e-001  2.9e+000  3.1e+000  3.3e+000   1000 1.8e+001 1.0e+000
x[19]           3.1e+000 3.1e-003 9.9e-002  2.9e+000  3.1e+000  3.3e+000   1000 1.8e+001 1.0e+000
x[20]           3.1e+000 3.1e-003 9.7e-002  2.9e+000  3.1e+000  3.2e+000   1000 1.8e+001 1.0e+000
x[21]           3.0e+000 3.1e-003 9.8e-002  2.8e+000  3.0e+000  3.2e+000   1000 1.8e+001 1.0e+000
x[22]           2.9e+000 3.2e-003 1.0e-001  2.7e+000  2.9e+000  3.1e+000   1000 1.8e+001 1.0e+000
x[23]           2.8e+000 3.5e-003 1.1e-001  2.7e+000  2.8e+000  3.0e+000   1000 1.8e+001 1.0e+000
x[24]           2.8e+000 3.6e-003 1.1e-001  2.6e+000  2.8e+000  3.0e+000   1000 1.8e+001 1.0e+000
x[25]           2.7e+000 3.6e-003 1.1e-001  2.5e+000  2.7e+000  2.9e+000   1000 1.8e+001 1.0e+000
x[26]           2.7e+000 3.6e-003 1.1e-001  2.5e+000  2.7e+000  2.9e+000   1000 1.8e+001 1.0e+000
x[27]           2.6e+000 3.7e-003 1.2e-001  2.4e+000  2.6e+000  2.8e+000   1000 1.8e+001 1.0e+000
x[28]           2.5e+000 3.8e-003 1.2e-001  2.3e+000  2.5e+000  2.7e+000   1000 1.8e+001 1.0e+000
x[29]           2.4e+000 4.0e-003 1.3e-001  2.2e+000  2.4e+000  2.6e+000   1000 1.8e+001 1.0e+000
x[30]           2.3e+000 4.2e-003 1.3e-001  2.1e+000  2.3e+000  2.5e+000   1000 1.8e+001 1.0e+000
x[31]           2.2e+000 4.2e-003 1.3e-001  2.0e+000  2.2e+000  2.5e+000   1000 1.8e+001 1.0e+000
x[32]           2.2e+000 4.3e-003 1.3e-001  2.0e+000  2.2e+000  2.4e+000   1000 1.8e+001 1.0e+000
x[33]           2.1e+000 4.3e-003 1.4e-001  1.9e+000  2.1e+000  2.3e+000   1000 1.8e+001 1.0e+000
x[34]           2.0e+000 4.5e-003 1.4e-001  1.8e+000  2.0e+000  2.3e+000   1000 1.8e+001 1.0e+000
x[35]           2.0e+000 4.9e-003 1.5e-001  1.7e+000  2.0e+000  2.2e+000   1000 1.8e+001 1.0e+000
x[36]           1.9e+000 5.2e-003 1.6e-001  1.6e+000  1.9e+000  2.1e+000   1000 1.8e+001 1.0e+000
x[37]           1.7e+000 5.4e-003 1.7e-001  1.4e+000  1.7e+000  2.0e+000   1000 1.8e+001 1.0e+000
x[38]           1.6e+000 5.8e-003 1.8e-001  1.3e+000  1.6e+000  1.9e+000   1000 1.8e+001 1.0e+000
x[39]           1.4e+000 6.0e-003 1.9e-001  1.1e+000  1.4e+000  1.7e+000   1000 1.8e+001 1.0e+000
x[40]           1.2e+000 6.2e-003 2.0e-001  8.9e-001  1.2e+000  1.5e+000   1000 1.8e+001 1.0e+000
x[41]           1.1e+000 6.6e-003 2.1e-001  6.9e-001  1.1e+000  1.4e+000   1000 1.8e+001 1.0e+000
x[42]           9.1e-001 7.1e-003 2.2e-001  5.1e-001  9.3e-001  1.2e+000   1000 1.8e+001 1.0e+000
x[43]           7.9e-001 7.4e-003 2.3e-001  3.7e-001  8.1e-001  1.1e+000   1000 1.8e+001 1.0e+000
x[44]           7.1e-001 7.5e-003 2.4e-001  3.0e-001  7.3e-001  1.1e+000   1000 1.8e+001 1.0e+000
x[45]           6.7e-001 7.7e-003 2.4e-001  2.4e-001  6.9e-001  1.1e+000   1000 1.8e+001 1.0e+000
x[46]           6.6e-001 7.7e-003 2.4e-001  2.5e-001  6.8e-001  1.0e+000   1000 1.8e+001 1.0e+000
x[47]           6.9e-001 7.5e-003 2.4e-001  2.7e-001  7.1e-001  1.1e+000   1000 1.8e+001 1.0e+000
x[48]           7.6e-001 7.2e-003 2.3e-001  3.5e-001  7.7e-001  1.1e+000   1000 1.8e+001 1.0e+000
x[49]           8.6e-001 6.8e-003 2.2e-001  4.8e-001  8.7e-001  1.2e+000   1000 1.8e+001 1.0e+000
x[50]           9.8e-001 6.4e-003 2.0e-001  6.5e-001  9.8e-001  1.3e+000   1000 1.8e+001 1.0e+000
x[51]           1.1e+000 6.0e-003 1.9e-001  8.0e-001  1.1e+000  1.4e+000   1000 1.8e+001 1.0e+000
x[52]           1.2e+000 5.8e-003 1.8e-001  9.3e-001  1.2e+000  1.5e+000   1000 1.8e+001 1.0e+000
x[53]           1.4e+000 5.5e-003 1.7e-001  1.1e+000  1.4e+000  1.7e+000   1000 1.8e+001 1.0e+000
x[54]           1.5e+000 5.2e-003 1.6e-001  1.2e+000  1.5e+000  1.8e+000   1000 1.8e+001 1.0e+000
x[55]           1.6e+000 5.0e-003 1.6e-001  1.3e+000  1.6e+000  1.9e+000   1000 1.8e+001 1.0e+000
x[56]           1.7e+000 5.0e-003 1.6e-001  1.4e+000  1.7e+000  1.9e+000   1000 1.8e+001 1.0e+000
x[57]           1.8e+000 4.9e-003 1.5e-001  1.5e+000  1.8e+000  2.0e+000   1000 1.8e+001 1.0e+000
x[58]           1.8e+000 4.8e-003 1.5e-001  1.6e+000  1.8e+000  2.1e+000   1000 1.8e+001 1.0e+000
x[59]           1.9e+000 4.8e-003 1.5e-001  1.6e+000  1.9e+000  2.1e+000   1000 1.8e+001 1.0e+000
x[60]           1.9e+000 4.9e-003 1.5e-001  1.7e+000  1.9e+000  2.2e+000   1000 1.8e+001 1.0e+000
x[61]           2.0e+000 4.8e-003 1.5e-001  1.8e+000  2.0e+000  2.3e+000   1000 1.8e+001 1.0e+000
x[62]           2.0e+000 4.6e-003 1.5e-001  1.8e+000  2.0e+000  2.3e+000   1000 1.8e+001 1.0e+000
x[63]           2.1e+000 4.5e-003 1.4e-001  1.8e+000  2.1e+000  2.3e+000   1000 1.8e+001 1.0e+000
x[64]           2.1e+000 4.4e-003 1.4e-001  1.9e+000  2.1e+000  2.3e+000   1000 1.8e+001 1.0e+000
x[65]           2.2e+000 4.4e-003 1.4e-001  1.9e+000  2.2e+000  2.4e+000   1000 1.8e+001 1.0e+000
x[66]           2.3e+000 4.3e-003 1.3e-001  2.0e+000  2.3e+000  2.5e+000   1000 1.8e+001 1.0e+000
x[67]           2.4e+000 4.1e-003 1.3e-001  2.1e+000  2.4e+000  2.6e+000   1000 1.8e+001 1.0e+000
x[68]           2.4e+000 4.1e-003 1.3e-001  2.2e+000  2.4e+000  2.6e+000   1000 1.8e+001 1.0e+000
x[69]           2.5e+000 4.0e-003 1.3e-001  2.3e+000  2.5e+000  2.7e+000   1000 1.8e+001 1.0e+000
x[70]           2.5e+000 4.0e-003 1.3e-001  2.3e+000  2.5e+000  2.7e+000   1000 1.8e+001 1.0e+000
x[71]           2.4e+000 3.9e-003 1.2e-001  2.2e+000  2.4e+000  2.6e+000   1000 1.8e+001 1.0e+000
x[72]           2.4e+000 3.8e-003 1.2e-001  2.2e+000  2.4e+000  2.6e+000   1000 1.8e+001 1.0e+000
x[73]           2.3e+000 4.0e-003 1.3e-001  2.1e+000  2.3e+000  2.5e+000   1000 1.8e+001 1.0e+000
x[74]           2.3e+000 4.3e-003 1.4e-001  2.0e+000  2.3e+000  2.5e+000   1000 1.8e+001 1.0e+000
x[75]           2.2e+000 4.4e-003 1.4e-001  1.9e+000  2.2e+000  2.4e+000   1000 1.8e+001 1.0e+000
x[76]           2.0e+000 4.5e-003 1.4e-001  1.8e+000  2.0e+000  2.2e+000   1000 1.8e+001 1.0e+000
x[77]           1.9e+000 4.7e-003 1.5e-001  1.6e+000  1.9e+000  2.1e+000   1000 1.8e+001 1.0e+000
x[78]           1.7e+000 5.1e-003 1.6e-001  1.4e+000  1.7e+000  2.0e+000   1000 1.8e+001 1.0e+000
x[79]           1.5e+000 5.6e-003 1.8e-001  1.2e+000  1.5e+000  1.8e+000   1000 1.8e+001 1.0e+000
x[80]           1.4e+000 6.0e-003 1.9e-001  1.0e+000  1.4e+000  1.6e+000   1000 1.8e+001 1.0e+000
x[81]           1.2e+000 6.3e-003 2.0e-001  8.9e-001  1.2e+000  1.5e+000   1000 1.8e+001 1.0e+000
x[82]           1.1e+000 6.7e-003 2.1e-001  7.6e-001  1.1e+000  1.5e+000   1000 1.8e+001 1.0e+000
x[83]           1.1e+000 6.8e-003 2.2e-001  6.9e-001  1.1e+000  1.4e+000   1000 1.8e+001 1.0e+000
x[84]           1.0e+000 6.8e-003 2.2e-001  6.8e-001  1.1e+000  1.4e+000   1000 1.8e+001 1.0e+000
x[85]           1.1e+000 6.6e-003 2.1e-001  7.2e-001  1.1e+000  1.4e+000   1000 1.8e+001 1.0e+000
x[86]           1.1e+000 6.3e-003 2.0e-001  8.0e-001  1.2e+000  1.4e+000   1000 1.8e+001 1.0e+000
x[87]           1.2e+000 6.1e-003 1.9e-001  8.9e-001  1.2e+000  1.5e+000   1000 1.8e+001 1.0e+000
x[88]           1.3e+000 5.9e-003 1.9e-001  9.9e-001  1.3e+000  1.6e+000   1000 1.8e+001 1.0e+000
x[89]           1.4e+000 5.6e-003 1.8e-001  1.1e+000  1.4e+000  1.7e+000   1000 1.8e+001 1.0e+000
x[90]           1.5e+000 5.4e-003 1.7e-001  1.2e+000  1.5e+000  1.8e+000   1000 1.8e+001 1.0e+000
x[91]           1.7e+000 5.0e-003 1.6e-001  1.4e+000  1.7e+000  1.9e+000   1000 1.8e+001 1.0e+000
x[92]           1.8e+000 4.8e-003 1.5e-001  1.6e+000  1.8e+000  2.0e+000   1000 1.8e+001 1.0e+000
x[93]           1.9e+000 4.5e-003 1.4e-001  1.7e+000  1.9e+000  2.2e+000   1000 1.8e+001 1.0e+000
x[94]           2.1e+000 4.4e-003 1.4e-001  1.8e+000  2.1e+000  2.3e+000   1000 1.8e+001 1.0e+000
x[95]           2.2e+000 4.5e-003 1.4e-001  2.0e+000  2.2e+000  2.4e+000   1000 1.8e+001 1.0e+000
x[96]           2.3e+000 4.3e-003 1.4e-001  2.0e+000  2.3e+000  2.5e+000   1000 1.8e+001 1.0e+000
x[97]           2.3e+000 4.2e-003 1.3e-001  2.1e+000  2.3e+000  2.5e+000   1000 1.8e+001 1.0e+000
x[98]           2.4e+000 4.3e-003 1.4e-001  2.1e+000  2.4e+000  2.6e+000   1000 1.8e+001 1.0e+000
x[99]           2.4e+000 4.8e-003 1.5e-001  2.2e+000  2.4e+000  2.7e+000   1000 1.8e+001 1.0e+000
x[100]          2.5e+000 6.0e-003 1.9e-001  2.1e+000  2.5e+000  2.8e+000   1000 1.8e+001 1.0e+000
lda             1.2e+001 2.4e-001 4.5e+000  5.6e+000  1.1e+001  2.0e+001    356 6.4e+000 1.0e+000
m_deriv         3.4e+000 2.8e-001 8.7e+000 -1.1e+001  3.6e+000  1.7e+001   1000 1.8e+001 1.0e+000
P_deriv         1.9e+001 7.1e-001 1.6e+001  4.7e+000  1.5e+001  4.9e+001    533 9.5e+000 1.0e+000
m               2.5e+000 5.9e-003 1.9e-001  2.1e+000  2.5e+000  2.8e+000   1000 1.8e+001 1.0e+000
P               3.4e-003 1.1e-004 2.6e-003  9.2e-004  2.7e-003  8.5e-003    552 9.9e+000 1.0e+000
A[1,1]          9.9e-001 3.0e-004 5.6e-003  9.8e-001  9.9e-001  1.0e+000    345 6.2e+000 1.0e+000
A[1,2]          8.9e-003 2.1e-005 3.9e-004  8.2e-003  9.0e-003  9.5e-003    359 6.4e+000 1.0e+000
A[2,1]         -1.3e+000 5.5e-002 1.0e+000 -3.2e+000 -1.1e+000 -2.9e-001    347 6.2e+000 1.0e+000
A[2,2]          7.9e-001 3.9e-003 7.3e-002  6.6e-001  8.0e-001  8.9e-001    361 6.4e+000 1.0e+000
Q[1]            2.0e-003 6.5e-005 1.5e-003  5.1e-004  1.5e-003  4.9e-003    546 9.7e+000 1.0e+000
Q[2]            5.5e+001 1.8e+000 4.1e+001  1.5e+001  4.4e+001  1.4e+002    551 9.8e+000 1.0e+000
covQ            2.7e-001 8.6e-003 2.0e-001  7.4e-002  2.2e-001  6.8e-001    553 9.9e+000 1.0e+000
cov             4.0e-001 1.2e-002 2.8e-001  1.1e-001  3.2e-001  9.8e-001    560 1.0e+001 1.0e+000

Samples were drawn using hmc with nuts.
For each parameter, N_Eff is a crude measure of effective sample size,
and R_hat is the potential scale reduction factor on split chains (at 
convergence, R_hat=1).

