Inference for Stan model: Matern32Poisson_basicGP_reparametrized_model
1 chains: each with iter=(2000000); warmup=(0); thin=(1); 2000000 iterations saved.

Warmup took (30) seconds, 30 seconds total
Sampling took (2886) seconds, 48 minutes total

                 Mean     MCSE   StdDev        5%       50%    95%  N_Eff  N_Eff/s  R_hat
lp__               96 4.4e-002 2.4e+000  9.1e+001  9.6e+001     99   3031 1.1e+000    1.0
accept_stat__    0.72 8.2e-003 2.7e-001  1.9e-001  8.3e-001   1.00   1115 3.9e-001    1.0
stepsize__       0.13 5.8e-013 4.1e-013  1.3e-001  1.3e-001   0.13   0.50 1.7e-004   1.00
treedepth__       3.6 6.5e-002 1.3e+000  1.0e+000  4.0e+000    5.0    377 1.3e-001    1.0
n_leapfrog__       22 4.6e-001 1.4e+001  3.0e+000  2.3e+001     47    895 3.1e-001    1.0
divergent__     0.094 1.7e-002 2.9e-001  0.0e+000  0.0e+000    1.0    305 1.1e-001    1.0
energy__          -92 4.3e-002 3.2e+000 -9.6e+001 -9.2e+001    -86   5292 1.8e+000    1.0
mu                1.8 2.0e-001 2.0e+000 -9.9e-001  1.9e+000    4.0    101 3.5e-002    1.0
lscale           0.28 1.5e-002 3.1e-001  1.9e-002  1.9e-001   0.86    416 1.4e-001    1.0
stdev             1.9 1.0e-001 1.4e+000  7.4e-001  1.5e+000    4.7    212 7.3e-002    1.0
x_std[1]         0.73 3.5e-002 7.2e-001 -4.7e-001  7.4e-001    1.9    419 1.5e-001    1.0
x_std[2]         0.63 1.2e-002 5.8e-001 -2.3e-001  5.9e-001    1.6   2252 7.8e-001    1.0
x_std[3]         -1.4 1.2e-002 6.6e-001 -2.5e+000 -1.3e+000  -0.31   2971 1.0e+000    1.0
x_std[4]         0.41 2.7e-002 7.1e-001 -7.1e-001  3.8e-001    1.6    675 2.3e-001    1.0
x_std[5]        -0.66 1.3e-002 6.2e-001 -1.7e+000 -6.5e-001   0.33   2286 7.9e-001    1.0
x[1]              3.0 7.4e-004 2.2e-001  2.6e+000  3.0e+000    3.3  91420 3.2e+001   1.00
x[2]              3.2 1.7e-003 2.1e-001  2.8e+000  3.2e+000    3.5  16034 5.6e+000    1.0
x[3]             0.81 5.5e-003 7.9e-001 -6.1e-001  8.9e-001    1.9  20673 7.2e+000    1.0
x[4]              1.8 3.9e-003 3.9e-001  1.1e+000  1.8e+000    2.4  10144 3.5e+000    1.0
x[5]              1.2 3.3e-003 5.2e-001  2.6e-001  1.2e+000    1.9  24140 8.4e+000    1.0
Sigma[1,1]        5.8 9.1e-001 1.3e+001  5.4e-001  2.2e+000     23    216 7.5e-002    1.0
Sigma[1,2]        4.1 8.7e-001 1.3e+001  5.2e-007  7.5e-001     19    212 7.3e-002    1.0
Sigma[1,3]        3.0 7.7e-001 1.1e+001  1.9e-014  2.0e-001     15    219 7.6e-002    1.0
Sigma[1,4]        2.3 6.5e-001 9.9e+000  5.2e-022  4.5e-002     11    233 8.1e-002    1.0
Sigma[1,5]        1.8 5.5e-001 8.6e+000  1.2e-029  9.3e-003    8.0    249 8.6e-002    1.0
Sigma[2,1]        4.1 8.7e-001 1.3e+001  5.2e-007  7.5e-001     19    212 7.3e-002    1.0
Sigma[2,2]        5.8 9.1e-001 1.3e+001  5.4e-001  2.2e+000     23    216 7.5e-002    1.0
Sigma[2,3]        4.1 8.7e-001 1.3e+001  5.2e-007  7.5e-001     19    212 7.3e-002    1.0
Sigma[2,4]        3.0 7.7e-001 1.1e+001  1.9e-014  2.0e-001     15    219 7.6e-002    1.0
Sigma[2,5]        2.3 6.5e-001 9.9e+000  5.2e-022  4.5e-002     11    233 8.1e-002    1.0
Sigma[3,1]        3.0 7.7e-001 1.1e+001  1.9e-014  2.0e-001     15    219 7.6e-002    1.0
Sigma[3,2]        4.1 8.7e-001 1.3e+001  5.2e-007  7.5e-001     19    212 7.3e-002    1.0
Sigma[3,3]        5.8 9.1e-001 1.3e+001  5.4e-001  2.2e+000     23    216 7.5e-002    1.0
Sigma[3,4]        4.1 8.7e-001 1.3e+001  5.2e-007  7.5e-001     19    212 7.3e-002    1.0
Sigma[3,5]        3.0 7.7e-001 1.1e+001  1.9e-014  2.0e-001     15    219 7.6e-002    1.0
Sigma[4,1]        2.3 6.5e-001 9.9e+000  5.2e-022  4.5e-002     11    233 8.1e-002    1.0
Sigma[4,2]        3.0 7.7e-001 1.1e+001  1.9e-014  2.0e-001     15    219 7.6e-002    1.0
Sigma[4,3]        4.1 8.7e-001 1.3e+001  5.2e-007  7.5e-001     19    212 7.3e-002    1.0
Sigma[4,4]        5.8 9.1e-001 1.3e+001  5.4e-001  2.2e+000     23    216 7.5e-002    1.0
Sigma[4,5]        4.1 8.7e-001 1.3e+001  5.2e-007  7.5e-001     19    212 7.3e-002    1.0
Sigma[5,1]        1.8 5.5e-001 8.6e+000  1.2e-029  9.3e-003    8.0    249 8.6e-002    1.0
Sigma[5,2]        2.3 6.5e-001 9.9e+000  5.2e-022  4.5e-002     11    233 8.1e-002    1.0
Sigma[5,3]        3.0 7.7e-001 1.1e+001  1.9e-014  2.0e-001     15    219 7.6e-002    1.0
Sigma[5,4]        4.1 8.7e-001 1.3e+001  5.2e-007  7.5e-001     19    212 7.3e-002    1.0
Sigma[5,5]        5.8 9.1e-001 1.3e+001  5.4e-001  2.2e+000     23    216 7.5e-002    1.0

Samples were drawn using hmc with nuts.
For each parameter, N_Eff is a crude measure of effective sample size,
and R_hat is the potential scale reduction factor on split chains (at 
convergence, R_hat=1).

